% number of repeats:% 2
% enter max GFLOPS:% 11.200000
% enter nb_alg:% 128
% enter nfirst, nlast, ninc, nlast_unb:% 40 1000 40 1000
data_REF( 1, 1:2 ) = [ 40 1.471264e+00 ];
data_FLAME( 1, 1:2 ) = [ 40 7.356322e-01 ];
data_unb_var1( 1, 1:3 ) = [ 40 3.497268e-01  1.421085e-14];
data_blk_var1( 1, 1:3 ) = [ 40 1.471264e+00  0.000000e+00];
data_unb_var2( 1, 1:3 ) = [ 40 3.678161e-01  inf];
data_blk_var2( 1, 1:3 ) = [ 40 1.471264e+00  0.000000e+00];
data_unb_var3( 1, 1:3 ) = [ 40 3.114355e-01  1.421085e-14];
data_blk_var3( 1, 1:3 ) = [ 40 1.471264e+00  0.000000e+00];
data_unb_var4( 1, 1:3 ) = [ 40 3.091787e-01  1.421085e-14];
data_blk_var4( 1, 1:3 ) = [ 40 1.471264e+00  0.000000e+00];
data_unb_var5( 1, 1:3 ) = [ 40 5.541126e-01  1.110223e-16];
data_blk_var5( 1, 1:3 ) = [ 40 5.333333e-01  1.110223e-16];

data_REF( 2, 1:2 ) = [ 80 1.565749e+00 ];
data_FLAME( 2, 1:2 ) = [ 80 2.260486e+00 ];
data_unb_var1( 2, 1:3 ) = [ 80 8.797251e-01  7.105427e-14];
data_blk_var1( 2, 1:3 ) = [ 80 1.558600e+00  0.000000e+00];
data_unb_var2( 2, 1:3 ) = [ 80 1.043833e+00  inf];
data_blk_var2( 2, 1:3 ) = [ 80 1.558600e+00  0.000000e+00];
data_unb_var3( 2, 1:3 ) = [ 80 9.275362e-01  7.105427e-14];
data_blk_var3( 2, 1:3 ) = [ 80 1.558600e+00  0.000000e+00];
data_unb_var4( 2, 1:3 ) = [ 80 1.003922e+00  7.105427e-14];
data_blk_var4( 2, 1:3 ) = [ 80 1.565749e+00  0.000000e+00];
data_unb_var5( 2, 1:3 ) = [ 80 1.464950e+00  2.220446e-16];
data_blk_var5( 2, 1:3 ) = [ 80 1.452482e+00  2.220446e-16];

data_REF( 3, 1:2 ) = [ 120 1.600000e+00 ];
data_FLAME( 3, 1:2 ) = [ 120 3.657143e+00 ];
data_unb_var1( 3, 1:3 ) = [ 120 1.301695e+00  1.136868e-13];
data_blk_var1( 3, 1:3 ) = [ 120 1.600000e+00  0.000000e+00];
data_unb_var2( 3, 1:3 ) = [ 120 1.593361e+00  inf];
data_blk_var2( 3, 1:3 ) = [ 120 1.586777e+00  0.000000e+00];
data_unb_var3( 3, 1:3 ) = [ 120 1.482625e+00  1.136868e-13];
data_blk_var3( 3, 1:3 ) = [ 120 1.600000e+00  0.000000e+00];
data_unb_var4( 3, 1:3 ) = [ 120 1.689150e+00  1.136868e-13];
data_blk_var4( 3, 1:3 ) = [ 120 1.602225e+00  0.000000e+00];
data_unb_var5( 3, 1:3 ) = [ 120 2.149254e+00  2.220446e-16];
data_blk_var5( 3, 1:3 ) = [ 120 2.149254e+00  2.220446e-16];

data_REF( 4, 1:2 ) = [ 160 1.632198e+00 ];
data_FLAME( 4, 1:2 ) = [ 160 4.620417e+00 ];
data_unb_var1( 4, 1:3 ) = [ 160 1.622500e+00  2.273737e-13];
data_blk_var1( 4, 1:3 ) = [ 160 1.633174e+00  0.000000e+00];
data_unb_var2( 4, 1:3 ) = [ 160 2.024215e+00  inf];
data_blk_var2( 4, 1:3 ) = [ 160 1.633174e+00  0.000000e+00];
data_unb_var3( 4, 1:3 ) = [ 160 1.896296e+00  2.273737e-13];
data_blk_var3( 4, 1:3 ) = [ 160 1.634151e+00  0.000000e+00];
data_unb_var4( 4, 1:3 ) = [ 160 2.207491e+00  2.273737e-13];
data_blk_var4( 4, 1:3 ) = [ 160 1.633174e+00  0.000000e+00];
data_unb_var5( 4, 1:3 ) = [ 160 2.595691e+00  2.220446e-16];
data_blk_var5( 4, 1:3 ) = [ 160 3.135094e+00  1.705303e-13];

data_REF( 5, 1:2 ) = [ 200 1.639512e+00 ];
data_FLAME( 5, 1:2 ) = [ 200 5.590496e+00 ];
data_unb_var1( 5, 1:3 ) = [ 200 1.866760e+00  3.126388e-13];
data_blk_var1( 5, 1:3 ) = [ 200 1.628499e+00  0.000000e+00];
data_unb_var2( 5, 1:3 ) = [ 200 2.288984e+00  inf];
data_blk_var2( 5, 1:3 ) = [ 200 1.628996e+00  0.000000e+00];
data_unb_var3( 5, 1:3 ) = [ 200 2.267574e+00  3.126388e-13];
data_blk_var3( 5, 1:3 ) = [ 200 1.628996e+00  0.000000e+00];
data_unb_var4( 5, 1:3 ) = [ 200 2.599090e+00  3.126388e-13];
data_blk_var4( 5, 1:3 ) = [ 200 1.628499e+00  0.000000e+00];
data_unb_var5( 5, 1:3 ) = [ 200 2.665334e+00  2.220446e-16];
data_blk_var5( 5, 1:3 ) = [ 200 4.147227e+00  2.557954e-13];

data_REF( 6, 1:2 ) = [ 240 1.637527e+00 ];
data_FLAME( 6, 1:2 ) = [ 240 6.316655e+00 ];
data_unb_var1( 6, 1:3 ) = [ 240 2.001738e+00  2.842171e-13];
data_blk_var1( 6, 1:3 ) = [ 240 1.639274e+00  0.000000e+00];
data_unb_var2( 6, 1:3 ) = [ 240 2.480086e+00  inf];
data_blk_var2( 6, 1:3 ) = [ 240 1.639566e+00  0.000000e+00];
data_unb_var3( 6, 1:3 ) = [ 240 2.354023e+00  2.842171e-13];
data_blk_var3( 6, 1:3 ) = [ 240 1.639566e+00  0.000000e+00];
data_unb_var4( 6, 1:3 ) = [ 240 2.796965e+00  2.842171e-13];
data_blk_var4( 6, 1:3 ) = [ 240 1.638691e+00  0.000000e+00];
data_unb_var5( 6, 1:3 ) = [ 240 2.737155e+00  4.440892e-16];
data_blk_var5( 6, 1:3 ) = [ 240 4.772657e+00  2.273737e-13];

data_REF( 7, 1:2 ) = [ 280 1.639004e+00 ];
data_FLAME( 7, 1:2 ) = [ 280 6.784732e+00 ];
data_unb_var1( 7, 1:3 ) = [ 280 2.110566e+00  6.821210e-13];
data_blk_var1( 7, 1:3 ) = [ 280 1.641946e+00  0.000000e+00];
data_unb_var2( 7, 1:3 ) = [ 280 2.585173e+00  inf];
data_blk_var2( 7, 1:3 ) = [ 280 1.641946e+00  0.000000e+00];
data_unb_var3( 7, 1:3 ) = [ 280 2.489736e+00  6.821210e-13];
data_blk_var3( 7, 1:3 ) = [ 280 1.641578e+00  0.000000e+00];
data_unb_var4( 7, 1:3 ) = [ 280 2.997679e+00  6.821210e-13];
data_blk_var4( 7, 1:3 ) = [ 280 1.641762e+00  0.000000e+00];
data_unb_var5( 7, 1:3 ) = [ 280 2.705114e+00  3.330669e-16];
data_blk_var5( 7, 1:3 ) = [ 280 5.306261e+00  5.684342e-13];

data_REF( 8, 1:2 ) = [ 320 1.643248e+00 ];
data_FLAME( 8, 1:2 ) = [ 320 7.238348e+00 ];
data_unb_var1( 8, 1:3 ) = [ 320 2.183005e+00  7.389644e-13];
data_blk_var1( 8, 1:3 ) = [ 320 1.642383e+00  0.000000e+00];
data_unb_var2( 8, 1:3 ) = [ 320 2.688326e+00  inf];
data_blk_var2( 8, 1:3 ) = [ 320 1.643124e+00  0.000000e+00];
data_unb_var3( 8, 1:3 ) = [ 320 2.585859e+00  7.389644e-13];
data_blk_var3( 8, 1:3 ) = [ 320 1.642877e+00  0.000000e+00];
data_unb_var4( 8, 1:3 ) = [ 320 3.171506e+00  7.389644e-13];
data_blk_var4( 8, 1:3 ) = [ 320 1.642877e+00  0.000000e+00];
data_unb_var5( 8, 1:3 ) = [ 320 2.716743e+00  2.220446e-16];
data_blk_var5( 8, 1:3 ) = [ 320 5.950785e+00  5.115908e-13];

data_REF( 9, 1:2 ) = [ 360 1.648418e+00 ];
data_FLAME( 9, 1:2 ) = [ 360 7.580795e+00 ];
data_unb_var1( 9, 1:3 ) = [ 360 2.304683e+00  9.094947e-13];
data_blk_var1( 9, 1:3 ) = [ 360 1.647196e+00  0.000000e+00];
data_unb_var2( 9, 1:3 ) = [ 360 2.884540e+00  inf];
data_blk_var2( 9, 1:3 ) = [ 360 1.648069e+00  0.000000e+00];
data_unb_var3( 9, 1:3 ) = [ 360 2.723166e+00  9.094947e-13];
data_blk_var3( 9, 1:3 ) = [ 360 1.648243e+00  0.000000e+00];
data_unb_var4( 9, 1:3 ) = [ 360 3.370611e+00  9.094947e-13];
data_blk_var4( 9, 1:3 ) = [ 360 1.648331e+00  0.000000e+00];
data_unb_var5( 9, 1:3 ) = [ 360 2.755004e+00  2.220446e-16];
data_blk_var5( 9, 1:3 ) = [ 360 6.385547e+00  7.958079e-13];

data_REF( 10, 1:2 ) = [ 400 1.653490e+00 ];
data_FLAME( 10, 1:2 ) = [ 400 7.791575e+00 ];
data_unb_var1( 10, 1:3 ) = [ 400 2.398486e+00  9.094947e-13];
data_blk_var1( 10, 1:3 ) = [ 400 1.651826e+00  0.000000e+00];
data_unb_var2( 10, 1:3 ) = [ 400 2.998360e+00  inf];
data_blk_var2( 10, 1:3 ) = [ 400 1.651634e+00  0.000000e+00];
data_unb_var3( 10, 1:3 ) = [ 400 2.832360e+00  9.094947e-13];
data_blk_var3( 10, 1:3 ) = [ 400 1.651634e+00  0.000000e+00];
data_unb_var4( 10, 1:3 ) = [ 400 3.513684e+00  9.094947e-13];
data_blk_var4( 10, 1:3 ) = [ 400 1.651506e+00  0.000000e+00];
data_unb_var5( 10, 1:3 ) = [ 400 2.793601e+00  3.330669e-16];
data_blk_var5( 10, 1:3 ) = [ 400 6.702272e+00  8.526513e-13];

data_REF( 11, 1:2 ) = [ 440 1.656487e+00 ];
data_FLAME( 11, 1:2 ) = [ 440 8.024492e+00 ];
data_unb_var1( 11, 1:3 ) = [ 440 2.497442e+00  1.080025e-12];
data_blk_var1( 11, 1:3 ) = [ 440 1.656004e+00  0.000000e+00];
data_unb_var2( 11, 1:3 ) = [ 440 3.118922e+00  inf];
data_blk_var2( 11, 1:3 ) = [ 440 1.655859e+00  0.000000e+00];
data_unb_var3( 11, 1:3 ) = [ 440 2.945810e+00  1.080025e-12];
data_blk_var3( 11, 1:3 ) = [ 440 1.655859e+00  0.000000e+00];
data_unb_var4( 11, 1:3 ) = [ 440 3.658871e+00  1.080025e-12];
data_blk_var4( 11, 1:3 ) = [ 440 1.656052e+00  0.000000e+00];
data_unb_var5( 11, 1:3 ) = [ 440 2.822391e+00  4.440892e-16];
data_blk_var5( 11, 1:3 ) = [ 440 7.096006e+00  9.663381e-13];

data_REF( 12, 1:2 ) = [ 480 1.660653e+00 ];
data_FLAME( 12, 1:2 ) = [ 480 8.216650e+00 ];
data_unb_var1( 12, 1:3 ) = [ 480 2.576461e+00  1.023182e-12];
data_blk_var1( 12, 1:3 ) = [ 480 1.661064e+00  0.000000e+00];
data_unb_var2( 12, 1:3 ) = [ 480 3.187549e+00  inf];
