MY_MMult = [
20 4.000000e+00 1.332268e-15 
40 4.571429e+00 3.552714e-15 
60 4.595745e+00 3.996803e-15 
80 4.338983e+00 5.329071e-15 
100 4.405286e+00 7.105427e-15 
120 4.425096e+00 8.881784e-15 
140 4.480000e+00 1.065814e-14 
160 4.461874e+00 1.243450e-14 
180 4.360374e+00 1.154632e-14 
200 4.064008e+00 1.421085e-14 
220 3.669194e+00 1.598721e-14 
240 3.285561e+00 1.776357e-14 
260 3.024869e+00 2.131628e-14 
280 2.467349e+00 1.776357e-14 
300 2.182524e+00 2.131628e-14 
320 2.014633e+00 2.309264e-14 
340 1.923226e+00 2.842171e-14 
360 1.842909e+00 2.309264e-14 
380 1.794493e+00 3.552714e-14 
400 1.743560e+00 2.842171e-14 
];
