MY_MMult = [
20 1.454545e+00 1.332268e-15 
40 1.855072e+00 3.552714e-15 
60 1.838298e+00 3.996803e-15 
80 1.712375e+00 5.329071e-15 
100 1.762115e+00 7.105427e-15 
120 1.803758e+00 8.881784e-15 
140 1.837295e+00 1.065814e-14 
160 1.860550e+00 1.243450e-14 
180 1.865941e+00 1.154632e-14 
200 1.811389e+00 1.421085e-14 
220 1.718251e+00 1.598721e-14 
240 1.659345e+00 1.776357e-14 
260 1.510679e+00 2.131628e-14 
280 1.032112e+00 1.776357e-14 
300 8.097409e-01 2.131628e-14 
320 7.260320e-01 2.309264e-14 
340 6.465324e-01 2.842171e-14 
360 5.822793e-01 2.309264e-14 
380 5.380689e-01 3.552714e-14 
400 5.008413e-01 2.842171e-14 
];
