MY_MMult = [
20 1.142857e+00 0.000000e+00 
40 1.406593e+00 0.000000e+00 
60 1.435216e+00 0.000000e+00 
80 1.284818e+00 0.000000e+00 
100 1.332445e+00 0.000000e+00 
120 1.355826e+00 0.000000e+00 
140 1.376474e+00 0.000000e+00 
160 1.394858e+00 0.000000e+00 
180 1.411082e+00 0.000000e+00 
200 1.388768e+00 0.000000e+00 
220 1.336010e+00 0.000000e+00 
240 1.293716e+00 0.000000e+00 
260 1.236484e+00 0.000000e+00 
280 9.728987e-01 0.000000e+00 
300 7.971539e-01 0.000000e+00 
320 7.104790e-01 0.000000e+00 
340 6.338333e-01 0.000000e+00 
360 5.673083e-01 0.000000e+00 
380 5.259314e-01 0.000000e+00 
400 4.902280e-01 0.000000e+00 
];
