MY_MMult = [
20 4.000000e+00 1.332268e-15 
40 4.413793e+00 3.552714e-15 
60 4.408163e+00 3.996803e-15 
80 3.737226e+00 5.329071e-15 
100 3.831418e+00 7.105427e-15 
120 3.887514e+00 8.881784e-15 
140 3.931232e+00 1.065814e-14 
160 4.003910e+00 1.243450e-14 
180 3.928595e+00 1.243450e-14 
200 3.969238e+00 1.776357e-14 
220 3.893948e+00 2.486900e-14 
240 3.846411e+00 2.486900e-14 
260 3.914041e+00 2.842171e-14 
280 3.945363e+00 3.552714e-14 
300 3.956624e+00 3.552714e-14 
320 3.921024e+00 2.842171e-14 
340 3.939658e+00 4.618528e-14 
360 3.887514e+00 4.263256e-14 
380 3.877469e+00 4.618528e-14 
400 3.907085e+00 7.105427e-14 
];
