MY_MMult = [
20 4.000000e+00 1.332268e-15 
40 4.740741e+00 3.552714e-15 
60 4.453608e+00 3.996803e-15 
80 3.518900e+00 5.329071e-15 
100 3.616637e+00 7.105427e-15 
120 3.626443e+00 8.881784e-15 
140 3.653795e+00 1.065814e-14 
160 3.626383e+00 1.243450e-14 
180 3.584511e+00 1.154632e-14 
200 3.380520e+00 1.421085e-14 
220 3.035780e+00 1.598721e-14 
240 2.553852e+00 1.776357e-14 
260 2.184711e+00 2.131628e-14 
280 1.746589e+00 1.776357e-14 
300 1.546259e+00 2.131628e-14 
320 1.492983e+00 2.309264e-14 
340 1.465392e+00 2.842171e-14 
360 1.419410e+00 2.309264e-14 
380 1.434187e+00 3.552714e-14 
400 1.430263e+00 2.842171e-14 
];
