MY_MMult = [
20 5.333333e+00 1.332268e-15 
40 4.571429e+00 3.552714e-15 
60 4.453608e+00 3.996803e-15 
80 3.506849e+00 5.329071e-15 
100 3.610108e+00 7.105427e-15 
120 3.622642e+00 8.881784e-15 
140 3.629630e+00 1.065814e-14 
160 3.621574e+00 1.243450e-14 
180 3.590028e+00 1.154632e-14 
200 3.383379e+00 1.421085e-14 
220 3.058013e+00 1.598721e-14 
240 2.612245e+00 1.776357e-14 
260 2.193299e+00 2.131628e-14 
280 1.749721e+00 1.776357e-14 
300 1.556734e+00 2.131628e-14 
320 1.499028e+00 2.309264e-14 
340 1.465474e+00 2.842171e-14 
360 1.448719e+00 2.309264e-14 
380 1.440550e+00 3.552714e-14 
400 1.433644e+00 2.842171e-14 
];
