MY_MMult = [
20 5.333333e+00 1.332268e-15 
40 4.740741e+00 3.552714e-15 
60 4.453608e+00 3.996803e-15 
80 3.518900e+00 5.329071e-15 
100 3.616637e+00 7.105427e-15 
120 3.630252e+00 8.881784e-15 
140 3.656229e+00 1.065814e-14 
160 3.621574e+00 1.243450e-14 
180 3.600000e+00 1.154632e-14 
200 3.340990e+00 1.421085e-14 
220 2.997326e+00 1.598721e-14 
240 2.564512e+00 1.776357e-14 
260 2.209706e+00 2.131628e-14 
280 1.752795e+00 1.776357e-14 
300 1.554315e+00 2.131628e-14 
320 1.498479e+00 2.309264e-14 
340 1.470298e+00 2.842171e-14 
360 1.448697e+00 2.309264e-14 
380 1.442956e+00 3.552714e-14 
400 1.437024e+00 2.842171e-14 
];
