MY_MMult = [
20 4.000000e+00 1.332268e-15 
40 4.413793e+00 3.552714e-15 
60 4.408163e+00 3.996803e-15 
80 3.806691e+00 5.329071e-15 
100 3.944773e+00 7.105427e-15 
120 3.986159e+00 8.881784e-15 
140 4.017570e+00 1.065814e-14 
160 4.081714e+00 1.243450e-14 
180 3.994521e+00 1.243450e-14 
200 4.037345e+00 1.776357e-14 
220 4.006773e+00 2.486900e-14 
240 4.004635e+00 2.486900e-14 
260 4.029806e+00 2.842171e-14 
280 4.041609e+00 3.552714e-14 
300 4.058015e+00 3.552714e-14 
320 4.006358e+00 2.842171e-14 
340 4.020458e+00 4.618528e-14 
360 3.995034e+00 4.263256e-14 
380 4.016543e+00 4.618528e-14 
400 4.022248e+00 7.105427e-14 
];
