MY_MMult = [
20 4.000000e+00 1.332268e-15 
40 4.266667e+00 3.552714e-15 
60 4.500000e+00 3.996803e-15 
80 4.320675e+00 5.329071e-15 
100 4.395604e+00 7.105427e-15 
120 4.470893e+00 8.881784e-15 
140 4.490998e+00 1.065814e-14 
160 4.496158e+00 1.243450e-14 
180 4.503475e+00 1.243450e-14 
200 4.550626e+00 1.776357e-14 
220 4.485257e+00 2.486900e-14 
240 4.499268e+00 2.486900e-14 
260 4.521739e+00 2.842171e-14 
280 4.550580e+00 3.552714e-14 
300 4.524508e+00 3.552714e-14 
320 4.534422e+00 2.842171e-14 
340 4.549864e+00 4.618528e-14 
360 4.505649e+00 4.263256e-14 
380 4.520679e+00 4.618528e-14 
400 4.521051e+00 7.105427e-14 
];
