MY_MMult = [
20 4.000000e+00 1.332268e-15 
40 4.740741e+00 3.552714e-15 
60 4.645161e+00 3.996803e-15 
80 4.338983e+00 5.329071e-15 
100 4.415011e+00 7.105427e-15 
120 4.442159e+00 8.881784e-15 
140 4.487326e+00 1.065814e-14 
160 4.469176e+00 1.243450e-14 
180 4.386612e+00 1.154632e-14 
200 4.099411e+00 1.421085e-14 
220 3.729597e+00 1.598721e-14 
240 3.294959e+00 1.776357e-14 
260 3.024609e+00 2.131628e-14 
280 2.474859e+00 1.776357e-14 
300 2.178298e+00 2.131628e-14 
320 2.017175e+00 2.309264e-14 
340 1.925345e+00 2.842171e-14 
360 1.839856e+00 2.309264e-14 
380 1.794463e+00 3.552714e-14 
400 1.746201e+00 2.842171e-14 
];
