MY_MMult = [
20 4.000000e+00 1.332268e-15 
40 4.129032e+00 3.552714e-15 
60 4.408163e+00 3.996803e-15 
80 4.432900e+00 5.329071e-15 
100 4.514673e+00 7.105427e-15 
120 4.571429e+00 8.881784e-15 
140 4.592469e+00 1.065814e-14 
160 4.538504e+00 1.243450e-14 
180 4.559812e+00 1.243450e-14 
200 4.589788e+00 1.776357e-14 
220 4.599568e+00 2.486900e-14 
240 4.555610e+00 2.486900e-14 
260 4.568755e+00 2.842171e-14 
280 4.585274e+00 3.552714e-14 
300 4.580930e+00 3.552714e-14 
320 4.581976e+00 2.842171e-14 
340 4.594809e+00 4.618528e-14 
360 4.594613e+00 4.263256e-14 
380 4.603549e+00 4.618528e-14 
400 4.594730e+00 7.105427e-14 
];
