MY_MMult = [
20 4.000000e+00 1.332268e-15 
40 4.740741e+00 3.552714e-15 
60 4.500000e+00 3.996803e-15 
80 3.506849e+00 5.329071e-15 
100 3.610108e+00 7.105427e-15 
120 3.618848e+00 8.881784e-15 
140 3.651364e+00 1.065814e-14 
160 3.618375e+00 1.243450e-14 
180 3.596670e+00 1.154632e-14 
200 3.394145e+00 1.421085e-14 
220 3.050566e+00 1.598721e-14 
240 2.565702e+00 1.776357e-14 
260 2.193983e+00 2.131628e-14 
280 1.758481e+00 1.776357e-14 
300 1.553376e+00 2.131628e-14 
320 1.504465e+00 2.309264e-14 
340 1.473522e+00 2.842171e-14 
360 1.450160e+00 2.309264e-14 
380 1.443411e+00 3.552714e-14 
400 1.435927e+00 2.842171e-14 
];
