MY_MMult = [
20 4.000000e+00 1.332268e-15 
40 4.740741e+00 3.552714e-15 
60 4.453608e+00 5.329071e-15 
80 4.591928e+00 7.105427e-15 
100 4.504505e+00 7.993606e-15 
120 4.589641e+00 1.065814e-14 
140 4.639053e+00 1.243450e-14 
160 4.551111e+00 1.421085e-14 
180 4.613924e+00 1.776357e-14 
200 4.550626e+00 2.486900e-14 
220 4.604541e+00 2.486900e-14 
240 4.608768e+00 2.131628e-14 
260 4.590832e+00 3.197442e-14 
280 4.611280e+00 3.197442e-14 
300 4.573945e+00 3.730349e-14 
320 4.608396e+00 3.375078e-14 
340 4.559893e+00 3.907985e-14 
360 4.581079e+00 3.907985e-14 
380 4.557286e+00 3.552714e-14 
400 4.561816e+00 6.394885e-14 
];
