MY_MMult = [
20 4.000000e+00 1.332268e-15 
40 4.571429e+00 3.552714e-15 
60 4.453608e+00 3.996803e-15 
80 3.482993e+00 5.329071e-15 
100 3.577818e+00 7.105427e-15 
120 3.581347e+00 8.881784e-15 
140 3.627231e+00 1.065814e-14 
160 3.604048e+00 1.243450e-14 
180 3.563703e+00 1.154632e-14 
200 3.354298e+00 1.421085e-14 
220 2.989332e+00 1.598721e-14 
240 2.574302e+00 1.776357e-14 
260 2.187566e+00 2.131628e-14 
280 1.743606e+00 1.776357e-14 
300 1.553465e+00 2.131628e-14 
320 1.497863e+00 2.309264e-14 
340 1.466786e+00 2.842171e-14 
360 1.445935e+00 2.309264e-14 
380 1.441572e+00 3.552714e-14 
400 1.435315e+00 2.842171e-14 
];
