MY_MMult = [
20 4.000000e+00 1.332268e-15 
40 4.740741e+00 3.552714e-15 
60 4.547368e+00 5.329071e-15 
80 4.633484e+00 7.105427e-15 
100 4.545455e+00 7.993606e-15 
120 4.632708e+00 1.065814e-14 
140 4.666667e+00 1.243450e-14 
160 4.612613e+00 1.421085e-14 
180 4.660008e+00 1.776357e-14 
200 4.601668e+00 2.486900e-14 
220 4.651813e+00 2.486900e-14 
240 4.656113e+00 2.131628e-14 
260 4.634410e+00 3.197442e-14 
280 4.651833e+00 3.197442e-14 
300 4.621309e+00 3.730349e-14 
320 4.643662e+00 3.375078e-14 
340 4.595078e+00 3.907985e-14 
360 4.621465e+00 3.907985e-14 
380 4.595837e+00 3.552714e-14 
400 4.608959e+00 6.394885e-14 
];
