MY_MMult = [
20 5.333333e+00 1.332268e-15 
40 4.740741e+00 3.552714e-15 
60 4.645161e+00 3.996803e-15 
80 4.338983e+00 5.329071e-15 
100 4.405286e+00 7.105427e-15 
120 4.436457e+00 8.881784e-15 
140 4.476346e+00 1.065814e-14 
160 4.466739e+00 1.243450e-14 
180 4.375094e+00 1.154632e-14 
200 4.044489e+00 1.421085e-14 
220 3.705586e+00 1.598721e-14 
240 3.302831e+00 1.776357e-14 
260 3.028256e+00 2.131628e-14 
280 2.469430e+00 1.776357e-14 
300 2.184554e+00 2.131628e-14 
320 2.013457e+00 2.309264e-14 
340 1.917315e+00 2.842171e-14 
360 1.838624e+00 2.309264e-14 
380 1.793994e+00 3.552714e-14 
400 1.745724e+00 2.842171e-14 
];
