MY_MMult = [
20 3.765987e+00 0.000000e+00 
40 4.075012e+00 6.938894e-18 
60 3.451588e+00 4.440892e-16 
80 2.666721e+00 8.881784e-16 
100 2.501958e+00 4.440892e-16 
120 2.395628e+00 8.881784e-16 
140 2.340310e+00 8.881784e-16 
160 2.267769e+00 1.776357e-15 
180 2.215317e+00 1.776357e-15 
200 2.163309e+00 1.776357e-15 
220 2.113044e+00 1.776357e-15 
240 2.035026e+00 1.776357e-15 
260 1.916366e+00 1.776357e-15 
280 1.706370e+00 1.776357e-15 
300 1.663121e+00 1.776357e-15 
320 1.654725e+00 1.776357e-15 
340 1.650794e+00 3.552714e-15 
360 1.646028e+00 3.552714e-15 
380 1.644411e+00 1.776357e-15 
400 1.643469e+00 1.776357e-15 
];
