MY_MMult = [
20 1.594646e+00 0.000000e+00 
40 1.665074e+00 6.938894e-18 
60 1.607956e+00 4.440892e-16 
80 1.462497e+00 8.881784e-16 
100 1.494112e+00 4.440892e-16 
120 1.482450e+00 8.881784e-16 
140 1.470023e+00 8.881784e-16 
160 1.429442e+00 1.776357e-15 
180 1.429089e+00 1.776357e-15 
200 1.441572e+00 1.776357e-15 
220 1.454042e+00 1.776357e-15 
240 1.472545e+00 1.776357e-15 
260 1.483612e+00 1.776357e-15 
280 1.495829e+00 1.776357e-15 
300 1.504044e+00 1.776357e-15 
320 1.514842e+00 1.776357e-15 
340 1.506958e+00 3.552714e-15 
360 1.485341e+00 3.552714e-15 
380 1.469575e+00 1.776357e-15 
400 1.448284e+00 1.776357e-15 
];
