MY_MMult = [
20 1.386485e+00 0.000000e+00 
40 1.520384e+00 0.000000e+00 
60 1.456304e+00 0.000000e+00 
80 1.363926e+00 0.000000e+00 
100 1.397339e+00 0.000000e+00 
120 1.400938e+00 0.000000e+00 
140 1.378254e+00 0.000000e+00 
160 1.328349e+00 0.000000e+00 
180 1.332405e+00 0.000000e+00 
200 1.339982e+00 0.000000e+00 
220 1.349175e+00 0.000000e+00 
240 1.371062e+00 0.000000e+00 
260 1.379520e+00 0.000000e+00 
280 1.394545e+00 0.000000e+00 
300 1.402083e+00 0.000000e+00 
320 1.410350e+00 0.000000e+00 
340 1.397563e+00 0.000000e+00 
360 1.383720e+00 0.000000e+00 
380 1.372087e+00 0.000000e+00 
400 1.351787e+00 0.000000e+00 
];
