MY_MMult = [
20 2.285714e+00 1.110223e-15 
40 2.666667e+00 3.552714e-15 
60 2.511628e+00 4.440892e-15 
80 2.327273e+00 5.329071e-15 
100 2.239642e+00 5.773160e-15 
120 2.204082e+00 1.065814e-14 
140 2.184713e+00 1.065814e-14 
160 2.171792e+00 1.243450e-14 
180 2.059686e+00 1.065814e-14 
200 2.028398e+00 1.421085e-14 
220 2.000564e+00 1.598721e-14 
240 1.968109e+00 1.776357e-14 
260 1.942529e+00 2.131628e-14 
280 1.888832e+00 3.552714e-14 
300 1.842563e+00 2.486900e-14 
320 1.819838e+00 2.486900e-14 
340 1.818157e+00 2.664535e-14 
360 1.812517e+00 2.486900e-14 
380 1.797697e+00 2.842171e-14 
400 1.802665e+00 2.842171e-14 
];
