version = 'MMult15L3';
MY_MMult = [
100 1.459854e+01 1.611645e+01 
200 1.571709e+01 2.203300e+01 
300 1.585903e+01 2.459684e+01 
400 1.550388e+01 2.975153e+01 
500 1.758458e+01 3.379738e+01 
600 1.591395e+01 4.182711e+01 
700 1.611728e+01 4.426611e+01 
800 3.407767e+01 4.426711e+01 
900 3.374219e+01 4.654344e+01 
1000 3.417810e+01 5.488514e+01 
];
