version = 'MMult15L1';
MY_MMult = [
100 1.069519e+01 7.105427e-15 
200 3.426124e+01 1.776357e-14 
300 3.377111e+01 3.552714e-14 
400 3.649843e+01 5.329071e-14 
500 4.043999e+01 6.394885e-14 
600 3.792468e+01 6.394885e-14 
700 4.072667e+01 7.460699e-14 
800 3.879523e+01 9.237056e-14 
900 3.910210e+01 1.421085e-13 
1000 3.723840e+01 1.278977e-13 
];
