version = 'MMultL1_4threads';
MY_MMult = [
100 8.928571e+00 7.105427e-15 
200 2.442748e+01 1.776357e-14 
300 2.437923e+01 3.552714e-14 
400 2.503912e+01 5.329071e-14 
500 2.599023e+01 6.394885e-14 
600 2.549876e+01 6.394885e-14 
700 2.544888e+01 7.460699e-14 
800 2.481582e+01 9.237056e-14 
900 2.524020e+01 1.421085e-13 
1000 2.539650e+01 1.278977e-13 
];
