version = 'MMult15';
MY_MMult = [
100 5.420054e+00 7.105427e-15 
200 1.353638e+01 1.776357e-14 
300 1.375446e+01 3.552714e-14 
400 1.383335e+01 5.329071e-14 
500 1.403627e+01 6.394885e-14 
600 1.407854e+01 6.394885e-14 
700 1.404069e+01 7.460699e-14 
800 1.407812e+01 9.237056e-14 
900 1.409813e+01 1.421085e-13 
1000 1.417053e+01 1.278977e-13 
];
