version = 'MMult15L2';
MY_MMult = [
100 2.500000e+01 7.105427e-15 
200 2.979516e+01 1.776357e-14 
300 3.247144e+01 3.552714e-14 
400 3.261978e+01 5.329071e-14 
500 3.233734e+01 6.394885e-14 
600 3.291429e+01 6.394885e-14 
700 3.322999e+01 7.460699e-14 
800 3.346515e+01 9.237056e-14 
900 3.319748e+01 1.421085e-13 
1000 3.366663e+01 1.278977e-13 
];
