version = 'MMult15L2';
MY_MMult = [
100 5.347594e+00 7.105427e-15 
200 1.235521e+01 1.776357e-14 
300 1.409922e+01 3.894058e+01 
400 1.879313e+01 4.218345e+01 
500 2.393948e+01 4.614761e+01 
600 2.853557e+01 4.875880e+01 
700 3.313689e+01 6.045358e+01 
800 3.736408e+01 6.187394e+01 
900 4.164881e+01 6.965576e+01 
1000 4.681758e+01 6.819652e+01 
];
