version = 'MMult15L3';
MY_MMult = [
100 5.347594e+00 1.611645e+01 
200 1.262826e+01 2.203300e+01 
300 1.434263e+01 2.459684e+01 
400 1.936460e+01 3.815960e+01 
500 2.476719e+01 3.379738e+01 
600 2.925046e+01 4.182711e+01 
700 3.404467e+01 4.386129e+01 
800 3.858036e+01 4.622572e+01 
900 4.293413e+01 5.026056e+01 
1000 4.817536e+01 5.579602e+01 
];
